#Layer_Color=9474304
#
#Feature symbol names
#
$0 r6.6666
$1 r5

#
#Feature attribute names
#

#
#Layer features
#
A 0.056437 -0.2933532 0.056437 -0.2933532 0.036437 -0.2933532 0 P 0 N
A 0.0917611 -0.0663097 0.0917611 -0.0663097 0.0717611 -0.0663097 0 P 0 N
A 0.0996202 -0.2156828 0.0996202 -0.2156828 0.0796202 -0.2156828 0 P 0 N
A 0.1419987 -0.0442948 0.1419987 -0.0442948 0.1219987 -0.0442948 0 P 0 N
A 0.1475951 -0.1656574 0.1475951 -0.1656574 0.1275951 -0.1656574 0 P 0 N
A 0.2214145 -0.2931326 0.2214145 -0.2931326 0.2014145 -0.2931326 0 P 0 N
A 0.2712603 -0.2164712 0.2712603 -0.2164712 0.2512603 -0.2164712 0 P 0 N
A 0.4056831 -0.2794632 0.4056831 -0.2794632 0.3856831 -0.2794632 0 P 0 N
A 0.4105123 -0.2341468 0.4105123 -0.2341468 0.3905123 -0.2341468 0 P 0 N
A 0.4394945 -0.3171548 0.4394945 -0.3171548 0.4194945 -0.3171548 0 P 0 N
A 0.4552366 -0.2008947 0.4552366 -0.2008947 0.4352366 -0.2008947 0 P 0 N
A 0.4560879 -0.2612074 0.4560879 -0.2612074 0.4360879 -0.2612074 0 P 0 N
A 0.4875169 -0.0457588 0.4875169 -0.0457588 0.4675169 -0.0457588 0 P 0 N
A 0.5090409 -0.3102774 0.5090409 -0.3102774 0.4890409 -0.3102774 0 P 0 N
A 0.5824595 -0.0328548 0.5824595 -0.0328548 0.5624595 -0.0328548 0 P 0 N
A 0.6644309 -0.3202044 0.6644309 -0.3202044 0.6444309 -0.3202044 0 P 0 N
A 0.6735477 -0.038249 0.6735477 -0.038249 0.6535477 -0.038249 0 P 0 N
A 0.7127051 -0.3111822 0.7127051 -0.3111822 0.6927051 -0.3111822 0 P 0 N
A 0.7392031 -0.1655212 0.7392031 -0.1655212 0.7192031 -0.1655212 0 P 0 N
L -0.2183071 -0.1751564 -0.2183071 -0.1351564 1 P 0
L -0.2183071 -0.2751564 -0.2183071 -0.2351564 1 P 0
L -0.2583071 -0.1351564 -0.2183071 -0.1351564 1 P 0
L -0.2583071 -0.1751564 -0.2183071 -0.1751564 1 P 0
L -0.2583071 -0.1751564 -0.2583071 -0.1351564 1 P 0
L -0.2583071 -0.2351564 -0.2183071 -0.2351564 1 P 0
L -0.2583071 -0.2751564 -0.2183071 -0.2751564 1 P 0
L -0.2583071 -0.2751564 -0.2583071 -0.2351564 1 P 0
L -0.3183071 -0.1751564 -0.3183071 -0.1351564 1 P 0
L -0.3183071 -0.2751564 -0.3183071 -0.2351564 1 P 0
L -0.3583071 -0.1351564 -0.3183071 -0.1351564 1 P 0
L -0.3583071 -0.1751564 -0.3183071 -0.1751564 1 P 0
L -0.3583071 -0.1751564 -0.3583071 -0.1351564 1 P 0
L -0.3583071 -0.2351564 -0.3183071 -0.2351564 1 P 0
L -0.3583071 -0.2751564 -0.3183071 -0.2751564 1 P 0
L -0.3583071 -0.2751564 -0.3583071 -0.2351564 1 P 0
L -0.4183071 -0.1751564 -0.4183071 -0.1351564 1 P 0
L -0.4183071 -0.2751564 -0.4183071 -0.2351564 1 P 0
L -0.4583071 -0.1351564 -0.4183071 -0.1351564 1 P 0
L -0.4583071 -0.1751564 -0.4183071 -0.1751564 1 P 0
L -0.4583071 -0.1751564 -0.4583071 -0.1351564 1 P 0
L -0.4583071 -0.2351564 -0.4183071 -0.2351564 1 P 0
L -0.4583071 -0.2751564 -0.4183071 -0.2751564 1 P 0
L -0.4583071 -0.2751564 -0.4583071 -0.2351564 1 P 0
L 0.6856469 -0.034176 0.7056469 -0.074176 1 P 0
L 0.6856469 -0.034176 0.7256469 -0.034176 1 P 0
L 0.7056469 -0.074176 0.7256469 -0.034176 1 P 0
