#Layer_Color=9474304
#
#Feature symbol names
#
$0 r5

#
#Feature attribute names
#

#
#Layer features
#
L -0.2383071 -0.1728729 -0.2383071 -0.1374399 0 P 0
L -0.2383071 -0.2728729 -0.2383071 -0.2374399 0 P 0
L -0.2560236 -0.1551564 -0.2205906 -0.1551564 0 P 0
L -0.2560236 -0.2551564 -0.2205906 -0.2551564 0 P 0
L -0.3383071 -0.1728729 -0.3383071 -0.1374399 0 P 0
L -0.3383071 -0.2728729 -0.3383071 -0.2374399 0 P 0
L -0.3560236 -0.1551564 -0.3205906 -0.1551564 0 P 0
L -0.3560236 -0.2551564 -0.3205906 -0.2551564 0 P 0
L -0.4383071 -0.1728729 -0.4383071 -0.1374399 0 P 0
L -0.4383071 -0.2728729 -0.4383071 -0.2374399 0 P 0
L -0.4560236 -0.1551564 -0.4205906 -0.1551564 0 P 0
L -0.4560236 -0.2551564 -0.4205906 -0.2551564 0 P 0
L 0.0305315 -0.2933532 0.0423425 -0.2933532 0 P 0
L 0.036437 -0.2992587 0.036437 -0.2874477 0 P 0
L 0.0658556 -0.0663097 0.0776666 -0.0663097 0 P 0
L 0.0717611 -0.0722152 0.0717611 -0.0604042 0 P 0
L 0.0737147 -0.2156828 0.0855257 -0.2156828 0 P 0
L 0.0796202 -0.2215883 0.0796202 -0.2097773 0 P 0
L 0.1160932 -0.0442948 0.1279042 -0.0442948 0 P 0
L 0.1216896 -0.1656574 0.1335006 -0.1656574 0 P 0
L 0.1219987 -0.0502003 0.1219987 -0.0383893 0 P 0
L 0.1275951 -0.1715629 0.1275951 -0.1597519 0 P 0
L 0.195509 -0.2931326 0.20732 -0.2931326 0 P 0
L 0.2014145 -0.2990381 0.2014145 -0.2872271 0 P 0
L 0.2453548 -0.2164712 0.2571658 -0.2164712 0 P 0
L 0.2512603 -0.2223767 0.2512603 -0.2105657 0 P 0
L 0.3797776 -0.2794632 0.3915886 -0.2794632 0 P 0
L 0.3846068 -0.2341468 0.3964178 -0.2341468 0 P 0
L 0.3856831 -0.2853687 0.3856831 -0.2735577 0 P 0
L 0.3905123 -0.2400523 0.3905123 -0.2282413 0 P 0
L 0.413589 -0.3171548 0.4254 -0.3171548 0 P 0
L 0.4194945 -0.3230603 0.4194945 -0.3112493 0 P 0
L 0.4293311 -0.2008947 0.4411421 -0.2008947 0 P 0
L 0.4301824 -0.2612074 0.4419934 -0.2612074 0 P 0
L 0.4352366 -0.2068002 0.4352366 -0.1949892 0 P 0
L 0.4360879 -0.2671129 0.4360879 -0.2553019 0 P 0
L 0.4616114 -0.0457588 0.4734224 -0.0457588 0 P 0
L 0.4675169 -0.0516643 0.4675169 -0.0398533 0 P 0
L 0.4831354 -0.3102774 0.4949464 -0.3102774 0 P 0
L 0.4890409 -0.3161829 0.4890409 -0.3043719 0 P 0
L 0.556554 -0.0328548 0.568365 -0.0328548 0 P 0
L 0.5624595 -0.0387603 0.5624595 -0.0269493 0 P 0
L 0.6385254 -0.3202044 0.6503364 -0.3202044 0 P 0
L 0.6444309 -0.3261099 0.6444309 -0.3142989 0 P 0
L 0.6476422 -0.038249 0.6594532 -0.038249 0 P 0
L 0.6535477 -0.0441545 0.6535477 -0.0323435 0 P 0
L 0.6867996 -0.3111822 0.6986106 -0.3111822 0 P 0
L 0.6927051 -0.3170877 0.6927051 -0.3052767 0 P 0
L 0.6977729 -0.054176 0.7135209 -0.054176 0 P 0
L 0.7056469 -0.06205 0.7056469 -0.046302 0 P 0
L 0.7132976 -0.1655212 0.7251086 -0.1655212 0 P 0
L 0.7192031 -0.1714267 0.7192031 -0.1596157 0 P 0
